epoch: 2399ap: 0.7548326198997161
epoch: 2399ap: 0.7539467061621085
